.Random.seed <-
c(403L, 251L, -232604784L, 1712568692L, -225973748L, -1975867636L, 
2112421339L, -137427007L, -994691163L, -1436626337L, -1939962873L, 
286184722L, 756520528L, -2009824585L, -190443458L, 797049968L, 
-774800L, -847819523L, -457410362L, -595226279L, 1018511085L, 
-1158014833L, 1992769998L, 812934292L, 1076739795L, 188279632L, 
-1334031951L, 255193135L, -1044443936L, 1808781150L, -887495870L, 
2010659869L, -963951149L, -332228150L, 427379433L, -951832553L, 
96441389L, -260612135L, 522212029L, -141323293L, 1759696075L, 
-1466703738L, 945646847L, 1172138898L, 61930660L, -1014725912L, 
56968621L, -1851237094L, -316857628L, -2006864738L, -682569966L, 
950450573L, 999615040L, -1972860196L, 824967226L, 2012788211L, 
-398007741L, 2035997128L, -398910977L, -236988996L, 492020745L, 
-1601681816L, -1812166071L, -308932277L, -606499190L, -1133001336L, 
-1798258645L, 595340326L, -45993003L, -654396844L, -28295725L, 
-1715215881L, -751579455L, 8861602L, -25049176L, -804266799L, 
507439687L, 770344055L, 1400127279L, -228628822L, 870052932L, 
1185685141L, -600262678L, -966293588L, 42922647L, -1673948621L, 
383232112L, -962431278L, 26983305L, -364096631L, 112870490L, 
54568101L, 1042642494L, 617861068L, -1278471268L, -551559371L, 
607302254L, -938474657L, 1798303130L, -1834014826L, 820333253L, 
-2037343339L, 1526573936L, 1310238176L, -2131019676L, 319837244L, 
-1651710950L, -21287264L, -437399681L, 1638526113L, -938453825L, 
2140585971L, 1575732632L, -1721925811L, 1524607016L, 1026979360L, 
-1778231918L, 1903604602L, -1713347847L, 1567902223L, -1974942808L, 
792533375L, 1818075831L, -1407834866L, 612928426L, -233656639L, 
-877127197L, 945797116L, 951047042L, 756721465L, 1836398852L, 
2089478860L, 1761812297L, 1973373183L, 1893079024L, -1037035243L, 
1832566678L, 1003476881L, 1140813875L, 1384378374L, -1526090924L, 
151786223L, -1917586254L, -1521435860L, -1443437780L, 549506097L, 
-462047842L, -1411553325L, 895745437L, 1883265652L, -59758202L, 
1658617482L, -1554026496L, 1155931296L, -1649937324L, 2033672600L, 
-288682322L, -1950204859L, -1250246635L, -1185021757L, -1460835362L, 
-130655531L, 350789178L, 1574067746L, 1785803090L, -383555533L, 
1683838254L, -1953932661L, -562362434L, -1525102099L, -1046623088L, 
1557588579L, 1773679653L, 1939220606L, 1335321587L, -1015430255L, 
1663397257L, 237923131L, -233900137L, 2080611466L, -187591339L, 
-1137935410L, 1991869609L, 425545496L, -477844079L, 1085660400L, 
100357023L, 1962113900L, -2090168838L, -1759254557L, -241821743L, 
-1125119287L, -1262129656L, -1638089032L, -1469380233L, 519597947L, 
-1829627390L, -1363908720L, 1254067569L, 205266072L, 446541475L, 
791629980L, 253536652L, -1164820702L, 854661994L, -80644930L, 
-1963272081L, -2003847844L, 907239632L, -857764620L, -1652643846L, 
-432796486L, -1495097830L, -437978605L, 372104496L, -1982233045L, 
840703049L, -1234086121L, -1275251722L, -492383291L, 1510849145L, 
-2141476986L, 1582384244L, -1027859282L, -1434114012L, -946876325L, 
-1592434259L, 809155560L, 1115366847L, -1280947486L, -1329258262L, 
971721799L, 858819765L, 1373363001L, 1865027321L, -688318759L, 
746018199L, -1353132831L, -1839512878L, 630465485L, -1218781554L, 
1358598866L, 921528645L, -1943365774L, -899084317L, -1958505178L, 
-1350447581L, -910802357L, -1459233641L, -2134229887L, 785768826L, 
-941019833L, -852628439L, 168553941L, -1260760691L, -1788738165L, 
448120021L, -1372341885L, -1968792566L, 332417454L, -2145045557L, 
-2143949635L, -1367898199L, 1439661275L, 1573076798L, -1029654129L, 
-126863508L, -1348298083L, 1945788752L, 591899802L, -1690676226L, 
-83236107L, -860266683L, 1030428429L, 270013213L, -408940872L, 
-759900658L, -1455002776L, -1039618509L, -445057623L, -498948140L, 
-117166657L, 1030391859L, 1603948057L, -737367281L, -27179857L, 
-78719226L, 570180918L, 1253631595L, -316354416L, -1989560199L, 
-1677278780L, 1182201338L, -1102685054L, 2032751527L, 1567254048L, 
756700592L, 1166356175L, -1241497247L, 928595556L, 1443094725L, 
539714914L, 851093958L, 891885755L, -1328406370L, 1272168038L, 
-1271520916L, -1170489670L, -112857531L, -1033477795L, -810839138L, 
-492968524L, -1226319418L, -1983219160L, -2067537369L, 1700841719L, 
-698409979L, 1284068191L, -1903564223L, -798884216L, -421143413L, 
-488981985L, 734362861L, -1730667395L, 605869218L, -621243794L, 
1038608928L, 993277659L, -984770231L, -1531144000L, 1746610302L, 
-1297940487L, 1518369152L, -257082007L, -1433235848L, 2094295731L, 
2082948231L, 609329454L, -479302357L, 506637311L, 1352561169L, 
-1068000992L, -802284899L, 2109152435L, 1124329801L, 281738141L, 
265472234L, -1578943544L, 2132039915L, 1787874666L, -1110421935L, 
1606288051L, -112401172L, 433357031L, 1684176678L, 433252879L, 
-1125619252L, -730728426L, 1610346351L, 1059621110L, 881343577L, 
-1745700795L, 668896027L, 1251512153L, -1957834858L, -1641982713L, 
-230033089L, -358062486L, -1781198485L, -849708360L, 340872606L, 
466216491L, 351587333L, 1590648901L, 261576374L, 746222455L, 
1884390367L, 954640789L, -1661996877L, 346103178L, 1978831135L, 
-2064836185L, 2092750971L, 912226667L, 1740465333L, -651017279L, 
-1604155028L, 534515930L, -1697089044L, -124185158L, 1721715368L, 
-1925033235L, -843018301L, -985041503L, 723171901L, -172772057L, 
-606374692L, -951470915L, 1764021699L, 1136668866L, 829954825L, 
-1223958257L, -1561384998L, -1814758806L, -88015638L, -2146671215L, 
1300919526L, 1414067539L, -448441298L, 1634125321L, -1007219685L, 
826018884L, 148753942L, 1506719487L, -2143657549L, -488356013L, 
1930331140L, 316004269L, 853973769L, 1145022653L, -215578837L, 
-1490916499L, -1219063125L, 1405048289L, 1508094514L, 1288870430L, 
-479573904L, -930061204L, -360631154L, 394983630L, 1550981381L, 
64095097L, 1829080521L, 372031558L, -215687225L, 294388118L, 
-47538652L, 1274823079L, -1844517091L, 1158748256L, 395592916L, 
-1750682059L, -997175538L, -712839775L, -1893326509L, -1130335981L, 
974770053L, 337310470L, -1977847934L, 2036678429L, -901826625L, 
-982803276L, -2035537595L, 1248579263L, 374229827L, -388735709L, 
14641416L, 498580016L, -921706271L, -53116822L, 1535265427L, 
1767458445L, -1792818822L, -1357096212L, 687789371L, 895789487L, 
-1786088107L, -1729554992L, 1235613739L, -1223951879L, -1286223208L, 
215095352L, -1064003890L, -1231255145L, -957399622L, 443230530L, 
-1817369092L, -657483976L, -1950851892L, 499654962L, 1904595121L, 
1171485914L, -360891184L, -615481368L, 893504986L, -328578347L, 
756197405L, 1161124500L, -355325709L, -341730792L, 2100641649L, 
-416541039L, 2060330561L, -774481773L, 1742401534L, -2118781192L, 
1872081628L, 1772587159L, -666562464L, -84700297L, -234842652L, 
-1061270757L, -367765327L, -928934271L, -2125308184L, 1780770079L, 
1138801012L, -298582474L, -1586408645L, 953650273L, -314659779L, 
175438288L, -809267751L, -2012539653L, 1868810635L, -1767915382L, 
1660260954L, 915468481L, 649262175L, 1658390255L, -1113656468L, 
-697199376L, 959888588L, 832022464L, -806863555L, -1332573964L, 
462587668L, -338581762L, -925658654L, 1914725317L, -1193268702L, 
1204567247L, 452919310L, 207873075L, 1988953819L, -480222149L, 
-1356550776L, -815807922L, -1778058366L, -361902370L, 1154800128L, 
531412801L, 165909856L, -120793270L, -1521141108L, -1093634769L, 
-714307940L, -99936782L, 1481761298L, 56478118L, -1769201451L, 
1889436277L, 237824388L, -1686088403L, -1102066636L, -1839263610L, 
178453288L, 1346453019L, -1245869196L, 953640597L, 1484516691L, 
1370481470L, 984244881L, 2062856742L, -1271131517L, 1928697204L, 
-2082122354L, -1103283553L, -1804214918L, -1988906148L, -573420539L, 
481830250L, 227833294L, -1814261899L, -115073921L, 1838928029L, 
-512773874L, -4948410L, 675998867L, -333292045L, 1240162407L, 
1766100190L, -279541561L, 1829641376L, -2132753672L, 128752137L, 
-1865349622L, -115126961L, -1727665993L, 1391633111L, -577577773L, 
1825692865L, 454687409L, 1038016021L, -95975353L, 1353898190L, 
967961746L, -1246356394L, 333578296L, -1525525049L, -755669436L, 
